9.77587
9.7113
9.64673
9.58217
9.51762
9.45308
9.38854
9.324
9.25948
9.19496
9.13045
9.06594
9.00145
8.93695
8.87247
8.808
8.74353
8.67907
8.61462
8.55017
8.48574
8.42131
8.35689
8.29248
8.22808
8.16368
8.0993
8.03493
7.97056
7.90621
7.84187
7.77753
7.71321
7.64889
7.58459
7.5203
7.45602
7.39176
7.3275
7.26326
7.19903
7.13481
7.0706
7.00641
6.94223
6.87807
6.81392
6.74979
6.68567
6.62156
6.55748
6.4934
6.42935
6.36531
6.30129
6.23729
6.17331
6.10935
6.04541
5.98149
5.91759
5.85371
5.78985
5.72602
5.66221
5.59843
5.53467
5.47094
5.40723
5.34356
5.27991
5.21629
5.1527
5.08915
5.02563
4.96215
4.8987
4.83528
4.77191
4.70858
4.64529
4.58204
4.51884
4.45568
4.39258
4.32953
4.26652
4.20358
4.14069
4.07787
4.01511
3.95241
3.88979
3.82723
3.76476
3.70236
3.64005
3.57783
3.5157
3.45367
3.39175
3.32993
3.26823
3.20665
3.1452
3.08389
3.02273
2.96171
2.90086
2.84019
2.7797
2.71941
2.65933
2.59947
2.53986
2.48051
2.42143
2.36265
2.30419
2.24608
2.18834
2.13101
2.07411
2.01768
1.96177
1.90642
1.85168
1.7976
1.74425
1.6917
1.64002
1.58929
1.53961
1.49109
1.44384
1.39799
1.35369
1.31108
1.27034
1.23166
1.19523
1.16126
1.12999
1.10163
1.07641
1.05457
1.03632
1.02184
1.0113
1.00482
1.00248
1.00431
1.01029
1.02035
1.03435
1.05216
1.07357
1.09837
1.12635
1.15727
1.1909
1.22702
1.26541
1.30588
1.34823
1.3923
1.43793
1.48497
1.53329
1.58278
1.63333
1.68484
1.73722
1.79041
1.84433
1.89892
1.95412
2.00988
2.06616
2.12292
2.18011
2.2377
2.29567
2.35399
2.41262
2.47156
2.53077
2.59023
2.64994
2.70987
2.77001
2.83035
2.89087
2.95156
3.01242
3.07342
3.13457
3.19586
3.25727
3.3188
3.38044
3.44219
3.50404
3.56599
3.62803
3.69016
3.75236
3.81465
3.87701
3.93944
4.00193
4.06449
4.12711
4.18979
4.25253
4.31531
4.37815
4.44104
4.50397
4.56694
4.62996
4.69302
4.75612
4.81925
4.88242
4.94563
5.00887
5.07214
5.13544
5.19877
5.26213
5.32551
5.38892
5.45236
5.51582
5.5793
5.64281
5.70633
5.76988
5.83345
5.89704
5.96064
6.02427
6.08791
6.15157
6.21524
6.27893
6.34264
6.40636
6.47009
6.53384
6.5976
6.66138
6.72516
6.78896
6.85277
6.91659
6.98043
7.04427
7.10812
7.17199
7.23586
7.29974
7.36363
7.42753
7.49144
7.55536
7.61928
7.68321
7.74715
7.8111
7.87505
7.93901
8.00298
8.06695
8.13093
8.19492
8.25891
8.3229
8.38691
8.45091
8.51493
8.57894
8.64297
8.70699
8.77103
8.83506
8.8991
8.96315
9.02719
9.09125
9.1553
9.21936
9.28342
9.34749
9.41156
9.47563
9.53971
9.60379
9.66787
9.73195
9.79604
9.86013
9.92422
9.98832
10.0524
10.1165
10.1806
10.2447
10.3088
10.3729
10.437
10.5011
10.5653
10.6294
10.6935
10.7576
10.8217
10.8858
10.95
11.0141
11.0782
11.1423
11.2065
11.2706
11.3347
11.3989
11.463
11.5271
11.5912
11.6554
11.7195
11.7836
11.8478
11.9119
11.976
12.0402
12.1043
12.1685
12.2326
12.2967
12.3609
12.425
12.4891
12.5533
12.6174
12.6816
12.7457
12.8098
12.874
12.9381
13.0023
13.0664
13.1305
13.1947
13.2588
13.3229
13.3871
13.4512
13.5154
13.5795
13.6436
13.7078
13.7719
13.836
13.9002
13.9643
14.0284
14.0926
14.1567
14.2208
14.285
14.3491
14.4132
14.4773
14.5415
14.6056
14.6697
14.7339
14.798
14.8621
14.9262
14.9904
15.0545
15.1186
15.1827
15.2468
15.3109
15.3751
15.4392
15.5033
15.5674
15.6315
15.6956
15.7597
15.8239
15.888
15.9521
16.0162
16.0803
16.1444
16.2085
16.2726
16.3367
16.4008
16.4649
16.529
16.5931
16.6572
16.7213
16.7853
16.8494
16.9135
16.9776
17.0417
17.1058
17.1699
17.2339
17.298
17.3621
17.4262
17.4902
17.5543
17.6184
17.6825
17.7465
17.8106
17.8747
17.9387
18.0028
18.0669
18.1309
18.195
18.259
18.3231
18.3871
18.4512
18.5152
18.5793
18.6433
18.7074
18.7714
18.8354
18.8995
18.9635
19.0275
19.0916
19.1556
19.2196
19.2837
19.3477
19.4117
19.4757
19.5398
19.6038
19.6678
19.7318
19.7958
19.8598
19.9238
19.9878
20.0518
20.1158
20.1798
20.2438
20.3078
20.3718
20.4358
20.4998
20.5638
20.6278
20.6917
20.7557
20.8197
20.8837
20.9476
21.0116
21.0756
21.1395
21.2035
21.2675
21.3314
21.3954
21.4593
21.5233
21.5872
21.6512
21.7151
21.7791
21.843
21.9069
21.9709
22.0348
22.0987
22.1627
22.2266
22.2905
22.3544
22.4184
22.4823
22.5462
22.6101
22.674
22.7379
22.8018
22.8657
22.9296
22.9935
23.0574
23.1213
23.1852
23.249
23.3129
23.3768
23.4407
23.5045
23.5684
23.6323
23.6961
23.76
23.8238
23.8877
23.9516
24.0154
24.0792
24.1431
24.2069
24.2708
24.3346
24.3984
24.4623
24.5261
24.5899
24.6537
24.7175
24.7813
24.8451
24.9089
24.9728
25.0365
25.1003
25.1641
25.2279
25.2917
25.3555
25.4193
25.483
25.5468
25.6106
25.6743
25.7381
25.8019
25.8656
25.9294
25.9931
26.0569
26.1206
26.1843
26.2481
26.3118
26.3755
26.4392
26.5029
26.5667
26.6304
26.6941
26.7578
26.8215
26.8852
26.9489
27.0125
27.0762
27.1399
27.2036
27.2672
27.3309
27.3946
27.4582
27.5219
27.5855
27.6492
27.7128
27.7764
27.8401
27.9037
27.9673
28.0309
28.0945
28.1582
28.2218
28.2854
28.3489
28.4125
28.4761
28.5397
28.6033
28.6668
28.7304
28.794
28.8575
28.9211
28.9846
29.0481
29.1117
29.1752
29.2387
29.3022
29.3658
29.4293
29.4928
29.5563
29.6198
29.6832
29.7467
29.8102
29.8737
29.9371
30.0006
30.064
30.1275
30.1909
30.2543
30.3178
30.3812
30.4446
30.508
30.5714
30.6348
30.6982
30.7615
30.8249
30.8883
30.9516
31.015
31.0783
31.1417
31.205
31.2683
31.3316
31.3949
31.4582
31.5215
31.5848
31.6481
31.7114
31.7746
31.8379
31.9011
31.9644
32.0276
32.0908
32.154
32.2172
32.2804
32.3436
32.4068
32.4699
32.5331
32.5962
32.6594
32.7225
32.7856
32.8487
32.9118
32.9749
33.038
33.101
33.1641
33.2271
33.2902
33.3532
33.4162
33.4792
33.5422
33.6052
33.6681
33.7311
33.794
33.8569
33.9199
33.9828
34.0456
34.1085
34.1714
34.2342
34.2971
34.3599
34.4227
34.4855
34.5482
34.611
34.6737
34.7365
34.7992
34.8619
34.9245
34.9872
35.0499
35.1125
35.1751
35.2377
35.3002
35.3628
35.4253
35.4878
35.5503
35.6128
35.6753
35.7377
35.8001
35.8625
35.9249
35.9872
36.0495
36.1118
36.1741
36.2363
36.2985
36.3607
36.4229
36.485
36.5471
36.6092
36.6713
36.7333
36.7953
36.8572
36.9192
36.9811
37.0429
37.1047
37.1665
37.2283
37.29
37.3517
37.4133
37.4749
37.5365
37.598
37.6595
37.7209
37.7823
37.8436
37.9049
37.9661
38.0273
38.0884
38.1495
38.2105
38.2715
38.3324
38.3932
38.454
38.5147
38.5754
38.6359
38.6964
38.7569
38.8172
38.8775
38.9377
38.9978
39.0578
39.1177
39.1776
39.2373
39.297
39.3565
39.4159
39.4752
39.5344
39.5935
39.6524
39.7113
39.77
39.8285
39.8869
39.9451
40.0032
40.0611
40.1189
40.1764
40.2338
40.291
40.348
40.4047
40.4613
40.5176
40.5736
40.6294
40.685
40.7402
40.7952
40.8498
40.9042
40.9581
41.0118
41.065
41.1179
41.1703
41.2224
41.2739
41.325
41.3756
41.4256
41.4751
41.524
41.5723
41.6199
41.6669
41.7131
41.7586
41.8033
41.8471
41.8901
41.9322
41.9734
42.0136
42.0527
42.0908
42.1278
42.1636
42.1983
42.2318
42.264
42.295
42.3247
42.3531
42.3803
42.4061
42.4307
42.454
42.476
42.4969
42.5165
42.535
42.5523
42.5686
42.5838
42.5981
42.6114
42.6239
42.6355
42.6464
42.6565
42.666
42.6748
42.6831
42.6908
42.6979
42.7046
42.7109
42.7168
42.7222
42.7274
42.7322
42.7367
42.7409
42.7449
42.7486
42.7522
42.7555
42.7586
42.7615
42.7643
42.7669
42.7694
42.7717
42.774
42.7761
42.778
42.7799
42.7817
42.7834
42.7851
42.7866
42.7881
42.7895
42.7908
42.7921
42.7933
42.7945
42.7956
42.7967
42.7977
42.7986
42.7996
42.8005
42.8013
42.8022
42.803
42.8037
42.8044
42.8051
42.8058
42.8065
42.8071
42.8077
42.8083
42.8089
42.8094
42.8099
42.8104
42.8109
42.8114
42.8118
42.8123
42.8127
42.8131
42.8135
42.8139
42.8143
42.8146
42.815
42.8153
42.8157
42.816
42.8163
42.8166
42.8169
42.8172
42.8174
42.8177
42.818
42.8182
42.8185
42.8187
42.819
42.8192
42.8194
42.8196
42.8198
42.82
42.8202
42.8204
42.8206
42.8208
42.821
42.8212
42.8213
42.8215
42.8217
42.8218
42.822
42.8221
42.8223
42.8224
42.8226
42.8227
42.8228
42.823
42.8231
42.8232
42.8233
42.8235
42.8236
42.8237
42.8238
42.8239
42.824
42.8241
42.8242
42.8243
42.8244
42.8245
42.8246
42.8247
42.8248
42.8249
42.825
42.8251
42.8252
42.8253
42.8253
42.8254
42.8255
42.8256
42.8256
42.8257
42.8258
42.8259
42.8259
42.826
42.8261
42.8261
42.8262
42.8263
42.8263
42.8264
42.8265
42.8265
42.8266
42.8266
42.8267
42.8267
42.8268
42.8269
42.8269
42.827
42.827
