41.8418
41.9396
42.0374
42.1352
42.233
42.3308
42.4286
42.5265
42.6243
42.7221
42.8199
42.9178
43.0156
43.1134
43.2113
43.3091
43.407
43.5048
43.6027
43.7005
43.7984
43.8963
43.9941
44.092
44.1898
44.2877
44.3856
44.4835
44.5813
44.6792
44.7771
44.875
44.9729
45.0708
45.1687
45.2666
45.3645
45.4624
45.5603
45.6582
45.7561
45.854
45.9519
46.0498
46.1478
46.2457
46.3436
46.4415
46.5395
46.6374
46.7353
46.8333
46.9312
47.0292
47.1271
47.2251
47.323
47.421
47.5189
47.6169
47.7148
47.8128
47.9108
48.0087
48.1067
48.2047
48.3027
48.4006
48.4986
48.5966
48.6946
48.7926
48.8906
48.9886
49.0866
49.1846
49.2826
49.3806
49.4786
49.5766
49.6746
49.7726
49.8707
49.9687
50.0667
50.1647
50.2628
50.3608
50.4588
50.5569
50.6549
50.7529
50.851
50.949
51.0471
51.1451
51.2432
51.3412
51.4393
51.5373
51.6354
51.7335
51.8315
51.9296
52.0277
52.1258
52.2238
52.3219
52.42
52.5181
52.6162
52.7143
52.8124
52.9105
53.0086
53.1067
53.2048
53.3029
53.401
53.4991
53.5972
53.6953
53.7934
53.8915
53.9897
54.0878
54.1859
54.284
54.3822
54.4803
54.5784
54.6766
54.7747
54.8729
54.971
55.0692
55.1673
55.2655
55.3636
55.4618
55.5599
55.6581
55.7563
55.8544
55.9526
56.0508
56.149
56.2471
56.3453
56.4435
56.5417
56.6399
56.7381
56.8362
56.9344
57.0326
57.1308
57.229
57.3272
57.4254
57.5236
57.6219
57.7201
57.8183
57.9165
58.0147
58.1129
58.2112
58.3094
58.4076
58.5059
58.6041
58.7023
58.8006
58.8988
58.997
59.0953
59.1935
59.2918
59.39
59.4883
59.5866
59.6848
59.7831
59.8813
59.9796
60.0779
60.1761
60.2744
60.3727
60.471
60.5692
60.6675
60.7658
60.8641
60.9624
61.0607
61.159
61.2573
61.3556
61.4539
61.5522
61.6505
61.7488
61.8471
61.9454
62.0437
62.142
62.2403
62.3387
62.437
62.5353
62.6336
62.732
62.8303
62.9286
63.027
63.1253
63.2236
63.322
63.4203
63.5187
63.617
63.7154
63.8137
63.9121
64.0104
64.1088
64.2072
64.3055
64.4039
64.5023
64.6006
64.699
64.7974
64.8958
64.9941
65.0925
65.1909
65.2893
65.3877
65.4861
65.5845
65.6829
65.7813
65.8797
65.9781
66.0765
66.1749
66.2733
66.3717
66.4701
66.5685
66.6669
66.7653
66.8638
66.9622
67.0606
67.159
67.2575
67.3559
67.4543
67.5528
67.6512
67.7496
67.8481
67.9465
68.045
68.1434
68.2419
68.3403
68.4388
68.5372
68.6357
68.7341
68.8326
68.9311
69.0295
69.128
69.2265
69.325
69.4234
69.5219
69.6204
69.7189
69.8173
69.9158
70.0143
70.1128
70.2113
70.3098
70.4083
70.5068
70.6053
70.7038
70.8023
70.9008
70.9993
71.0978
71.1963
71.2948
71.3933
71.4919
71.5904
71.6889
71.7874
71.886
71.9845
72.083
72.1815
72.2801
72.3786
72.4771
72.5757
72.6742
72.7728
72.8713
72.9699
73.0684
73.167
73.2655
73.3641
73.4626
73.5612
73.6597
73.7583
73.8569
73.9554
74.054
74.1526
74.2511
74.3497
74.4483
74.5469
74.6455
74.744
74.8426
74.9412
75.0398
75.1384
75.237
75.3356
75.4342
75.5328
75.6314
75.73
75.8286
75.9272
76.0258
76.1244
76.223
76.3216
76.4202
76.5188
76.6174
76.7161
76.8147
76.9133
77.0119
77.1106
77.2092
77.3078
77.4064
77.5051
77.6037
77.7024
77.801
77.8996
77.9983
78.0969
78.1956
78.2942
78.3929
78.4915
78.5902
78.6888
78.7875
78.8861
78.9848
79.0835
79.1821
79.2808
79.3795
79.4781
79.5768
79.6755
79.7741
79.8728
79.9715
80.0702
80.1689
80.2675
80.3662
80.4649
80.5636
80.6623
80.761
80.8597
80.9584
81.0571
81.1558
81.2545
81.3532
81.4519
81.5506
81.6493
81.748
81.8467
81.9454
82.0441
82.1428
82.2415
82.3403
82.439
82.5377
82.6364
82.7351
82.8339
82.9326
83.0313
83.1301
83.2288
83.3275
83.4263
83.525
83.6237
83.7225
83.8212
83.92
84.0187
84.1175
84.2162
84.3149
84.4137
84.5125
84.6112
84.71
84.8087
84.9075
85.0062
85.105
85.2038
85.3025
85.4013
85.5001
85.5988
85.6976
85.7964
85.8951
85.9939
86.0927
86.1915
86.2902
86.389
86.4878
86.5866
86.6854
86.7842
86.8829
86.9817
87.0805
87.1793
87.2781
87.3769
87.4757
87.5745
87.6733
87.7721
87.8709
87.9697
88.0685
88.1673
88.2661
88.3649
88.4637
88.5625
88.6613
88.7602
88.859
88.9578
89.0566
89.1554
89.2542
89.3531
89.4519
89.5507
89.6495
89.7483
89.8472
89.946
90.0448
90.1437
90.2425
90.3413
90.4401
90.539
90.6378
90.7367
90.8355
90.9343
91.0332
91.132
91.2309
91.3297
91.4285
91.5274
91.6262
91.7251
91.8239
91.9228
92.0216
92.1205
92.2193
92.3182
92.417
92.5159
92.6147
92.7136
92.8125
92.9113
93.0102
93.109
93.2079
93.3068
93.4056
93.5045
93.6034
93.7022
93.8011
93.9
93.9988
94.0977
94.1966
94.2954
94.3943
94.4932
94.5921
94.6909
94.7898
94.8887
94.9876
95.0864
95.1853
95.2842
95.3831
95.482
95.5808
95.6797
95.7786
95.8775
95.9764
96.0753
96.1741
96.273
96.3719
96.4708
96.5697
96.6686
96.7675
96.8664
96.9652
97.0641
97.163
97.2619
97.3608
97.4597
97.5586
97.6575
97.7564
97.8553
97.9542
98.0531
98.152
98.2508
98.3497
98.4486
98.5475
98.6464
98.7453
98.8442
98.9431
99.042
99.1409
99.2398
99.3387
99.4376
99.5365
99.6354
99.7343
99.8332
99.9321
100.031
100.13
100.229
100.328
100.427
100.525
100.624
100.723
100.822
100.921
101.02
101.119
101.218
101.317
101.416
101.514
101.613
101.712
101.811
101.91
102.009
102.108
102.207
102.306
102.404
102.503
102.602
102.701
102.8
102.899
102.998
103.097
103.196
103.294
103.393
103.492
103.591
103.69
103.789
103.888
103.987
104.085
104.184
104.283
104.382
104.481
104.58
104.679
104.778
104.876
104.975
105.074
105.173
105.272
105.371
105.47
105.569
105.667
105.766
105.865
105.964
106.063
106.162
106.26
106.359
106.458
106.557
106.656
106.755
106.853
106.952
107.051
107.15
107.249
107.348
107.446
107.545
107.644
107.743
107.842
107.941
108.039
108.138
108.237
108.336
108.434
108.533
108.632
108.731
108.83
108.928
109.027
109.126
109.225
109.323
109.422
109.521
109.62
109.718
109.817
109.916
110.015
110.113
110.212
110.311
110.41
110.508
110.607
110.706
110.804
110.903
111.002
111.1
111.199
111.298
111.396
111.495
111.594
111.692
111.791
111.89
111.988
112.087
112.185
112.284
112.383
112.481
112.58
112.678
112.777
112.876
112.974
113.073
113.171
113.27
113.368
113.467
113.565
113.664
113.762
113.861
113.959
114.058
114.156
114.254
114.353
114.451
114.55
114.648
114.746
114.845
114.943
115.041
115.14
115.238
115.336
115.435
115.533
115.631
115.729
115.827
115.926
116.024
116.122
116.22
116.318
116.416
116.514
116.613
116.711
116.809
116.907
117.005
117.103
117.2
117.298
117.396
117.494
117.592
117.69
117.788
117.885
117.983
118.081
118.178
118.276
118.374
118.471
118.569
118.666
118.764
118.861
118.959
119.056
119.153
119.251
119.348
119.445
119.542
119.639
119.736
119.833
119.93
120.027
120.124
120.221
120.317
120.414
120.511
120.607
120.704
120.8
120.896
120.992
121.088
121.184
121.28
121.376
121.472
121.568
121.663
121.758
121.854
121.949
122.044
122.139
122.234
122.328
122.422
122.517
122.611
122.705
122.798
122.892
122.985
123.078
123.171
123.263
123.355
123.447
123.539
123.63
123.721
123.811
123.901
123.991
124.08
124.168
124.256
124.343
124.43
124.516
124.601
124.686
124.769
124.851
124.933
125.013
125.092
125.169
125.245
125.319
125.392
125.462
125.531
125.597
125.661
125.722
125.78
125.835
125.888
125.937
125.983
126.026
126.066
126.103
126.136
126.167
126.195
126.22
126.243
126.264
126.283
126.3
126.315
126.329
126.341
126.352
126.363
126.372
126.38
126.388
126.395
126.401
126.407
126.412
126.417
126.422
126.426
126.429
126.433
126.436
126.439
126.442
126.445
126.447
126.449
126.452
126.453
126.455
126.457
126.459
126.46
126.462
126.463
126.464
126.466
126.467
126.468
126.469
126.47
126.471
126.472
126.472
126.473
126.474
126.475
126.475
126.476
126.477
126.477
126.478
126.478
126.479
126.479
126.48
126.48
126.481
126.481
126.482
126.482
126.482
126.483
126.483
126.483
126.484
126.484
126.484
126.485
126.485
126.485
126.485
126.486
126.486
126.486
126.486
126.487
126.487
126.487
126.487
126.487
126.487
126.488
126.488
126.488
126.488
126.488
126.489
126.489
126.489
126.489
126.489
126.489
126.489
126.489
126.49
126.49
126.49
126.49
126.49
126.49
126.49
126.49
126.49
126.491
126.491
126.491
126.491
126.491
126.491
126.491
126.491
126.491
126.491
126.491
126.492
126.492
126.492
126.492
126.492
126.492
126.492
126.492
126.492
126.492
126.492
126.492
126.492
126.492
