9.77587
9.90406
10.0323
10.1605
10.2888
10.4171
10.5454
10.6737
10.802
10.9304
11.0588
11.1872
11.3156
11.444
11.5725
11.7009
11.8294
11.9579
12.0864
12.2149
12.3435
12.472
12.6006
12.7292
12.8578
12.9864
13.115
13.2437
13.3723
13.501
13.6297
13.7584
13.8871
14.0158
14.1445
14.2732
14.402
14.5307
14.6595
14.7883
14.9171
15.0459
15.1747
15.3035
15.4323
15.5612
15.69
15.8189
15.9478
16.0766
16.2055
16.3344
16.4633
16.5923
16.7212
16.8501
16.9791
17.108
17.237
17.366
17.4949
17.6239
17.7529
17.8819
18.0109
18.14
18.269
18.398
18.5271
18.6561
18.7852
18.9143
19.0433
19.1724
19.3015
19.4306
19.5597
19.6888
19.818
19.9471
20.0762
20.2054
20.3345
20.4637
20.5929
20.722
20.8512
20.9804
21.1096
21.2388
21.368
21.4972
21.6265
21.7557
21.8849
22.0142
22.1434
22.2727
22.402
22.5312
22.6605
22.7898
22.9191
23.0484
23.1777
23.307
23.4363
23.5656
23.695
23.8243
23.9537
24.083
24.2124
24.3417
24.4711
24.6005
24.7299
24.8592
24.9886
25.118
25.2474
25.3769
25.5063
25.6357
25.7651
25.8946
26.024
26.1535
26.2829
26.4124
26.5419
26.6713
26.8008
26.9303
27.0598
27.1893
27.3188
27.4483
27.5778
27.7073
27.8369
27.9664
28.0959
28.2255
28.355
28.4846
28.6141
28.7437
28.8733
29.0029
29.1324
29.262
29.3916
29.5212
29.6508
29.7805
29.9101
30.0397
30.1693
30.299
30.4286
30.5582
30.6879
30.8176
30.9472
31.0769
31.2066
31.3362
31.4659
31.5956
31.7253
31.855
31.9847
32.1144
32.2441
32.3739
32.5036
32.6333
32.7631
32.8928
33.0226
33.1523
33.2821
33.4118
33.5416
33.6714
33.8012
33.931
34.0608
34.1905
34.3204
34.4502
34.58
34.7098
34.8396
34.9694
35.0993
35.2291
35.359
35.4888
35.6187
35.7485
35.8784
36.0083
36.1381
36.268
36.3979
36.5278
36.6577
36.7876
36.9175
37.0474
37.1773
37.3072
37.4372
37.5671
37.697
37.827
37.9569
38.0869
38.2168
38.3468
38.4768
38.6067
38.7367
38.8667
38.9967
39.1267
39.2567
39.3867
39.5167
39.6467
39.7767
39.9067
40.0367
40.1668
40.2968
40.4268
40.5569
40.6869
40.817
40.947
41.0771
41.2072
41.3373
41.4673
41.5974
41.7275
41.8576
41.9877
42.1178
42.2479
42.378
42.5081
42.6383
42.7684
42.8985
43.0287
43.1588
43.2889
43.4191
43.5493
43.6794
43.8096
43.9397
44.0699
44.2001
44.3303
44.4605
44.5907
44.7209
44.8511
44.9813
45.1115
45.2417
45.3719
45.5022
45.6324
45.7626
45.8929
46.0231
46.1534
46.2836
46.4139
46.5441
46.6744
46.8047
46.9349
47.0652
47.1955
47.3258
47.4561
47.5864
47.7167
47.847
47.9773
48.1076
48.238
48.3683
48.4986
48.629
48.7593
48.8896
49.02
49.1504
49.2807
49.4111
49.5414
49.6718
49.8022
49.9326
50.063
50.1933
50.3237
50.4541
50.5845
50.715
50.8454
50.9758
51.1062
51.2366
51.3671
51.4975
51.6279
51.7584
51.8888
52.0193
52.1497
52.2802
52.4107
52.5411
52.6716
52.8021
52.9326
53.063
53.1935
53.324
53.4545
53.585
53.7155
53.8461
53.9766
54.1071
54.2376
54.3682
54.4987
54.6292
54.7598
54.8903
55.0209
55.1514
55.282
55.4126
55.5431
55.6737
55.8043
55.9348
56.0654
56.196
56.3266
56.4572
56.5878
56.7184
56.849
56.9797
57.1103
57.2409
57.3715
57.5022
57.6328
57.7634
57.8941
58.0247
58.1554
58.286
58.4167
58.5474
58.678
58.8087
58.9394
59.0701
59.2007
59.3314
59.4621
59.5928
59.7235
59.8542
59.9849
60.1157
60.2464
60.3771
60.5078
60.6385
60.7693
60.9
61.0308
61.1615
61.2923
61.423
61.5538
61.6845
61.8153
61.9461
62.0768
62.2076
62.3384
62.4692
62.6
62.7308
62.8616
62.9924
63.1232
63.254
63.3848
63.5156
63.6464
63.7773
63.9081
64.0389
64.1698
64.3006
64.4315
64.5623
64.6932
64.824
64.9549
65.0857
65.2166
65.3475
65.4784
65.6092
65.7401
65.871
66.0019
66.1328
66.2637
66.3946
66.5255
66.6564
66.7873
66.9183
67.0492
67.1801
67.311
67.442
67.5729
67.7038
67.8348
67.9657
68.0967
68.2276
68.3586
68.4896
68.6205
68.7515
68.8825
69.0135
69.1444
69.2754
69.4064
69.5374
69.6684
69.7994
69.9304
70.0614
70.1924
70.3234
70.4544
70.5855
70.7165
70.8475
70.9786
71.1096
71.2406
71.3717
71.5027
71.6338
71.7648
71.8959
72.0269
72.158
72.2891
72.4202
72.5512
72.6823
72.8134
72.9445
73.0756
73.2067
73.3378
73.4689
73.6
73.7311
73.8622
73.9933
74.1244
74.2555
74.3866
74.5178
74.6489
74.78
74.9112
75.0423
75.1735
75.3046
75.4358
75.5669
75.6981
75.8292
75.9604
76.0916
76.2227
76.3539
76.4851
76.6163
76.7475
76.8786
77.0098
77.141
77.2722
77.4034
77.5346
77.6658
77.797
77.9283
78.0595
78.1907
78.3219
78.4531
78.5844
78.7156
78.8468
78.9781
79.1093
79.2406
79.3718
79.5031
79.6343
79.7656
79.8968
80.0281
80.1594
80.2907
80.4219
80.5532
80.6845
80.8158
80.947
81.0783
81.2096
81.3409
81.4722
81.6035
81.7348
81.8661
81.9974
82.1288
82.2601
82.3914
82.5227
82.654
82.7854
82.9167
83.048
83.1794
83.3107
83.442
83.5734
83.7047
83.8361
83.9674
84.0988
84.2301
84.3615
84.4929
84.6242
84.7556
84.887
85.0184
85.1497
85.2811
85.4125
85.5439
85.6753
85.8067
85.9381
86.0695
86.2009
86.3323
86.4637
86.5951
86.7265
86.8579
86.9893
87.1207
87.2521
87.3836
87.515
87.6464
87.7778
87.9093
88.0407
88.1721
88.3036
88.435
88.5665
88.6979
88.8294
88.9608
89.0923
89.2237
89.3552
89.4866
89.6181
89.7496
89.881
90.0125
90.144
90.2754
90.4069
90.5384
90.6699
90.8014
90.9328
91.0643
91.1958
91.3273
91.4588
91.5903
91.7218
91.8533
91.9848
92.1163
92.2478
92.3793
92.5108
92.6423
92.7738
92.9053
93.0369
93.1684
93.2999
93.4314
93.5629
93.6945
93.826
93.9575
94.089
94.2206
94.3521
94.4836
94.6152
94.7467
94.8783
95.0098
95.1413
95.2729
95.4044
95.536
95.6675
95.7991
95.9306
96.0622
96.1937
96.3253
96.4568
96.5884
96.7199
96.8515
96.983
97.1146
97.2462
97.3777
97.5093
97.6409
97.7724
97.904
98.0355
98.1671
98.2987
98.4303
98.5618
98.6934
98.825
98.9565
99.0881
99.2197
99.3512
99.4828
99.6144
99.746
99.8775
100.009
100.141
100.272
100.404
100.535
100.667
100.799
100.93
101.062
101.193
101.325
101.456
101.588
101.72
101.851
101.983
102.114
102.246
102.377
102.509
102.641
102.772
102.904
103.035
103.167
103.298
103.43
103.562
103.693
103.825
103.956
104.088
104.219
104.351
104.482
104.614
104.746
104.877
105.009
105.14
105.272
105.403
105.535
105.666
105.798
105.929
106.061
106.192
106.324
106.455
106.587
106.718
106.85
106.982
107.113
107.245
107.376
107.507
107.639
107.77
107.902
108.033
108.165
108.296
108.428
108.559
108.691
108.822
108.954
109.085
109.216
109.348
109.479
109.611
109.742
109.873
110.005
110.136
110.268
110.399
110.53
110.662
110.793
110.924
111.056
111.187
111.318
111.45
111.581
111.712
111.843
111.975
112.106
112.237
112.368
112.5
112.631
112.762
112.893
113.024
113.156
113.287
113.418
113.549
113.68
113.811
113.942
114.073
114.204
114.335
114.466
114.597
114.728
114.859
114.99
115.121
115.252
115.382
115.513
115.644
115.775
115.906
116.036
116.167
116.298
116.428
116.559
116.689
116.82
116.95
117.081
117.211
117.342
117.472
117.602
117.733
117.863
117.993
118.123
118.253
118.383
118.513
118.643
118.773
118.903
119.032
119.162
119.292
119.421
119.551
119.68
119.809
119.938
120.068
120.197
120.325
120.454
120.583
120.711
120.84
120.968
121.096
121.224
121.352
121.48
121.607
121.735
121.862
121.989
122.115
122.242
122.368
122.494
122.62
122.745
122.87
122.994
123.119
123.242
123.366
123.488
123.611
123.732
123.853
123.973
124.093
124.211
124.328
124.445
124.56
124.674
124.786
124.896
125.005
125.111
125.215
125.316
125.414
125.509
125.599
125.685
125.767
125.843
125.914
125.979
126.038
126.091
126.138
126.18
126.217
126.249
126.277
126.301
126.322
126.34
126.356
126.37
126.382
126.392
126.401
126.409
126.417
126.423
126.429
126.434
126.438
126.442
126.446
126.449
126.452
126.455
126.457
126.46
126.462
126.464
126.465
126.467
126.469
126.47
126.471
126.472
126.474
126.475
126.476
126.476
126.477
126.478
126.479
126.48
126.48
126.481
126.481
126.482
126.482
126.483
126.483
126.484
126.484
126.485
126.485
126.485
126.486
126.486
126.486
126.487
126.487
126.487
126.488
126.488
126.488
126.488
126.489
126.489
126.489
126.489
126.489
126.49
126.49
126.49
126.49
126.49
126.49
126.49
126.491
126.491
126.491
126.491
126.491
126.491
126.491
126.491
126.492
126.492
126.492
126.492
126.492
126.492
126.492
126.492
126.492
126.492
126.492
126.493
126.493
126.493
126.493
126.493
126.493
