2
1.999
1.998
1.997
1.996
1.99499
1.99399
1.99299
1.99199
1.99099
1.98999
1.98899
1.98799
1.98699
1.98599
1.98498
1.98398
1.98298
1.98198
1.98098
1.97998
1.97898
1.97798
1.97698
1.97598
1.97497
1.97397
1.97297
1.97197
1.97097
1.96997
1.96897
1.96797
1.96697
1.96597
1.96496
1.96396
1.96296
1.96196
1.96096
1.95996
1.95896
1.95796
1.95696
1.95596
1.95495
1.95395
1.95295
1.95195
1.95095
1.94995
1.94895
1.94795
1.94695
1.94595
1.94494
1.94394
1.94294
1.94194
1.94094
1.93994
1.93894
1.93794
1.93694
1.93594
1.93493
1.93393
1.93293
1.93193
1.93093
1.92993
1.92893
1.92793
1.92693
1.92593
1.92492
1.92392
1.92292
1.92192
1.92092
1.91992
1.91892
1.91792
1.91692
1.91592
1.91491
1.91391
1.91291
1.91191
1.91091
1.90991
1.90891
1.90791
1.90691
1.90591
1.9049
1.9039
1.9029
1.9019
1.9009
1.8999
1.8989
1.8979
1.8969
1.8959
1.89489
1.89389
1.89289
1.89189
1.89089
1.88989
1.88889
1.88789
1.88689
1.88589
1.88488
1.88388
1.88288
1.88188
1.88088
1.87988
1.87888
1.87788
1.87688
1.87588
1.87487
1.87387
1.87287
1.87187
1.87087
1.86987
1.86887
1.86787
1.86687
1.86587
1.86486
1.86386
1.86286
1.86186
1.86086
1.85986
1.85886
1.85786
1.85686
1.85586
1.85485
1.85385
1.85285
1.85185
1.85085
1.84985
1.84885
1.84785
1.84685
1.84585
1.84484
1.84384
1.84284
1.84184
1.84084
1.83984
1.83884
1.83784
1.83684
1.83584
1.83483
1.83383
1.83283
1.83183
1.83083
1.82983
1.82883
1.82783
1.82683
1.82583
1.82482
1.82382
1.82282
1.82182
1.82082
1.81982
1.81882
1.81782
1.81682
1.81582
1.81481
1.81381
1.81281
1.81181
1.81081
1.80981
1.80881
1.80781
1.80681
1.80581
1.8048
1.8038
1.8028
1.8018
1.8008
1.7998
1.7988
1.7978
1.7968
1.7958
1.79479
1.79379
1.79279
1.79179
1.79079
1.78979
1.78879
1.78779
1.78679
1.78579
1.78478
1.78378
1.78278
1.78178
1.78078
1.77978
1.77878
1.77778
1.77678
1.77578
1.77477
1.77377
1.77277
1.77177
1.77077
1.76977
1.76877
1.76777
1.76677
1.76577
1.76476
1.76376
1.76276
1.76176
1.76076
1.75976
1.75876
1.75776
1.75676
1.75576
1.75475
1.75375
1.75275
1.75175
1.75075
1.74975
1.74875
1.74775
1.74675
1.74575
1.74474
1.74374
1.74274
1.74174
1.74074
1.73974
1.73874
1.73774
1.73674
1.73574
1.73473
1.73373
1.73273
1.73173
1.73073
1.72973
1.72873
1.72773
1.72673
1.72573
1.72472
1.72372
1.72272
1.72172
1.72072
1.71972
1.71872
1.71772
1.71672
1.71572
1.71471
1.71371
1.71271
1.71171
1.71071
1.70971
1.70871
1.70771
1.70671
1.70571
1.7047
1.7037
1.7027
1.7017
1.7007
1.6997
1.6987
1.6977
1.6967
1.6957
1.69469
1.69369
1.69269
1.69169
1.69069
1.68969
1.68869
1.68769
1.68669
1.68569
1.68468
1.68368
1.68268
1.68168
1.68068
1.67968
1.67868
1.67768
1.67668
1.67568
1.67467
1.67367
1.67267
1.67167
1.67067
1.66967
1.66867
1.66767
1.66667
1.66567
1.66466
1.66366
1.66266
1.66166
1.66066
1.65966
1.65866
1.65766
1.65666
1.65566
1.65465
1.65365
1.65265
1.65165
1.65065
1.64965
1.64865
1.64765
1.64665
1.64565
1.64464
1.64364
1.64264
1.64164
1.64064
1.63964
1.63864
1.63764
1.63664
1.63564
1.63463
1.63363
1.63263
1.63163
1.63063
1.62963
1.62863
1.62763
1.62663
1.62563
1.62462
1.62362
1.62262
1.62162
1.62062
1.61962
1.61862
1.61762
1.61662
1.61562
1.61461
1.61361
1.61261
1.61161
1.61061
1.60961
1.60861
1.60761
1.60661
1.60561
1.6046
1.6036
1.6026
1.6016
1.6006
1.5996
1.5986
1.5976
1.5966
1.5956
1.59459
1.59359
1.59259
1.59159
1.59059
1.58959
1.58859
1.58759
1.58659
1.58559
1.58458
1.58358
1.58258
1.58158
1.58058
1.57958
1.57858
1.57758
1.57658
1.57558
1.57457
1.57357
1.57257
1.57157
1.57057
1.56957
1.56857
1.56757
1.56657
1.56557
1.56456
1.56356
1.56256
1.56156
1.56056
1.55956
1.55856
1.55756
1.55656
1.55556
1.55455
1.55355
1.55255
1.55155
1.55055
1.54955
1.54855
1.54755
1.54655
1.54555
1.54454
1.54354
1.54254
1.54154
1.54054
1.53954
1.53854
1.53754
1.53654
1.53554
1.53453
1.53353
1.53253
1.53153
1.53053
1.52953
1.52853
1.52753
1.52653
1.52553
1.52452
1.52352
1.52252
1.52152
1.52052
1.51952
1.51852
1.51752
1.51652
1.51552
1.51451
1.51351
1.51251
1.51151
1.51051
1.50951
1.50851
1.50751
1.50651
1.50551
1.5045
1.5035
1.5025
1.5015
1.5005
1.4995
1.4985
1.4975
1.4965
1.4955
1.49449
1.49349
1.49249
1.49149
1.49049
1.48949
1.48849
1.48749
1.48649
1.48549
1.48448
1.48348
1.48248
1.48148
1.48048
1.47948
1.47848
1.47748
1.47648
1.47548
1.47447
1.47347
1.47247
1.47147
1.47047
1.46947
1.46847
1.46747
1.46647
1.46547
1.46446
1.46346
1.46246
1.46146
1.46046
1.45946
1.45846
1.45746
1.45646
1.45546
1.45445
1.45345
1.45245
1.45145
1.45045
1.44945
1.44845
1.44745
1.44645
1.44545
1.44444
1.44344
1.44244
1.44144
1.44044
1.43944
1.43844
1.43744
1.43644
1.43544
1.43443
1.43343
1.43243
1.43143
1.43043
1.42943
1.42843
1.42743
1.42643
1.42543
1.42442
1.42342
1.42242
1.42142
1.42042
1.41942
1.41842
1.41742
1.41642
1.41542
1.41441
1.41341
1.41241
1.41141
1.41041
1.40941
1.40841
1.40741
1.40641
1.40541
1.4044
1.4034
1.4024
1.4014
1.4004
1.3994
1.3984
1.3974
1.3964
1.3954
1.39439
1.39339
1.39239
1.39139
1.39039
1.38939
1.38839
1.38739
1.38639
1.38539
1.38438
1.38338
1.38238
1.38138
1.38038
1.37938
1.37838
1.37738
1.37638
1.37538
1.37437
1.37337
1.37237
1.37137
1.37037
1.36937
1.36837
1.36737
1.36637
1.36537
1.36436
1.36336
1.36236
1.36136
1.36036
1.35936
1.35836
1.35736
1.35636
1.35536
1.35435
1.35335
1.35235
1.35135
1.35035
1.34935
1.34835
1.34735
1.34635
1.34535
1.34434
1.34334
1.34234
1.34134
1.34034
1.33934
1.33834
1.33734
1.33634
1.33534
1.33433
1.33333
1.33233
1.33133
1.33033
1.32933
1.32833
1.32733
1.32633
1.32533
1.32432
1.32332
1.32232
1.32132
1.32032
1.31932
1.31832
1.31732
1.31632
1.31532
1.31431
1.31331
1.31231
1.31131
1.31031
1.30931
1.30831
1.30731
1.30631
1.30531
1.3043
1.3033
1.3023
1.3013
1.3003
1.2993
1.2983
1.2973
1.2963
1.2953
1.29429
1.29329
1.29229
1.29129
1.29029
1.28929
1.28829
1.28729
1.28629
1.28529
1.28428
1.28328
1.28228
1.28128
1.28028
1.27928
1.27828
1.27728
1.27628
1.27528
1.27427
1.27327
1.27227
1.27127
1.27027
1.26927
1.26827
1.26727
1.26627
1.26527
1.26426
1.26326
1.26226
1.26126
1.26026
1.25926
1.25826
1.25726
1.25626
1.25526
1.25425
1.25325
1.25225
1.25125
1.25025
1.24925
1.24825
1.24725
1.24625
1.24525
1.24424
1.24324
1.24224
1.24124
1.24024
1.23924
1.23824
1.23724
1.23624
1.23524
1.23423
1.23323
1.23223
1.23123
1.23023
1.22923
1.22823
1.22723
1.22623
1.22523
1.22422
1.22322
1.22222
1.22122
1.22022
1.21922
1.21822
1.21722
1.21622
1.21522
1.21421
1.21321
1.21221
1.21121
1.21021
1.20921
1.20821
1.20721
1.20621
1.20521
1.2042
1.2032
1.2022
1.2012
1.2002
1.1992
1.1982
1.1972
1.1962
1.1952
1.19419
1.19319
1.19219
1.19119
1.19019
1.18919
1.18819
1.18719
1.18619
1.18519
1.18418
1.18318
1.18218
1.18118
1.18018
1.17918
1.17818
1.17718
1.17618
1.17518
1.17417
1.17317
1.17217
1.17117
1.17017
1.16917
1.16817
1.16717
1.16617
1.16517
1.16416
1.16316
1.16216
1.16116
1.16016
1.15916
1.15816
1.15716
1.15616
1.15516
1.15415
1.15315
1.15215
1.15115
1.15015
1.14915
1.14815
1.14715
1.14615
1.14515
1.14414
1.14314
1.14214
1.14114
1.14014
1.13914
1.13814
1.13714
1.13614
1.13514
1.13413
1.13313
1.13213
1.13113
1.13013
1.12913
1.12813
1.12713
1.12613
1.12513
1.12412
1.12312
1.12212
1.12112
1.12012
1.11912
1.11812
1.11712
1.11612
1.11512
1.11411
1.11311
1.11211
1.11111
1.11011
1.10911
1.10811
1.10711
1.10611
1.10511
1.1041
1.1031
1.1021
1.1011
1.1001
1.0991
1.0981
1.0971
1.0961
1.0951
1.09409
1.09309
1.09209
1.09109
1.09009
1.08909
1.08809
1.08709
1.08609
1.08509
1.08408
1.08308
1.08208
1.08108
1.08008
1.07908
1.07808
1.07708
1.07608
1.07508
1.07407
1.07307
1.07207
1.07107
1.07007
1.06907
1.06807
1.06707
1.06607
1.06507
1.06406
1.06306
1.06206
1.06106
1.06006
1.05906
1.05806
1.05706
1.05606
1.05506
1.05405
1.05305
1.05205
1.05105
1.05005
1.04905
1.04805
1.04705
1.04605
1.04505
1.04404
1.04304
1.04204
1.04104
1.04004
1.03904
1.03804
1.03704
1.03604
1.03504
1.03403
1.03303
1.03203
1.03103
1.03003
1.02903
1.02803
1.02703
1.02603
1.02503
1.02402
1.02302
1.02202
1.02102
1.02002
1.01902
1.01802
1.01702
1.01602
1.01502
1.01401
1.01301
1.01201
1.01101
1.01001
1.00901
1.00801
1.00701
1.00601
1.00501
1.004
1.003
1.002
1.001
1
