2.33
2.33067
2.33134
2.33201
2.33268
2.33335
2.33402
2.33469
2.33537
2.33604
2.33671
2.33738
2.33805
2.33872
2.33939
2.34006
2.34073
2.3414
2.34207
2.34274
2.34341
2.34408
2.34475
2.34543
2.3461
2.34677
2.34744
2.34811
2.34878
2.34945
2.35012
2.35079
2.35146
2.35213
2.3528
2.35347
2.35414
2.35481
2.35549
2.35616
2.35683
2.3575
2.35817
2.35884
2.35951
2.36018
2.36085
2.36152
2.36219
2.36286
2.36353
2.3642
2.36487
2.36555
2.36622
2.36689
2.36756
2.36823
2.3689
2.36957
2.37024
2.37091
2.37158
2.37225
2.37292
2.37359
2.37426
2.37493
2.37561
2.37628
2.37695
2.37762
2.37829
2.37896
2.37963
2.3803
2.38097
2.38164
2.38231
2.38298
2.38365
2.38432
2.38499
2.38567
2.38634
2.38701
2.38768
2.38835
2.38902
2.38969
2.39036
2.39103
2.3917
2.39237
2.39304
2.39371
2.39438
2.39506
2.39573
2.3964
2.39707
2.39774
2.39841
2.39908
2.39975
2.40042
2.40109
2.40176
2.40243
2.4031
2.40377
2.40444
2.40512
2.40579
2.40646
2.40713
2.4078
2.40847
2.40914
2.40981
2.41048
2.41115
2.41182
2.41249
2.41316
2.41383
2.4145
2.41518
2.41585
2.41652
2.41719
2.41786
2.41853
2.4192
2.41987
2.42054
2.42121
2.42188
2.42255
2.42322
2.42389
2.42456
2.42524
2.42591
2.42658
2.42725
2.42792
2.42859
2.42926
2.42993
2.4306
2.43127
2.43194
2.43261
2.43328
2.43395
2.43462
2.4353
2.43597
2.43664
2.43731
2.43798
2.43865
2.43932
2.43999
2.44066
2.44133
2.442
2.44267
2.44334
2.44401
2.44468
2.44536
2.44603
2.4467
2.44737
2.44804
2.44871
2.44938
2.45005
2.45072
2.45139
2.45206
2.45273
2.4534
2.45407
2.45474
2.45542
2.45609
2.45676
2.45743
2.4581
2.45877
2.45944
2.46011
2.46078
2.46145
2.46212
2.46279
2.46346
2.46413
2.4648
2.46548
2.46615
2.46682
2.46749
2.46816
2.46883
2.4695
2.47017
2.47084
2.47151
2.47218
2.47285
2.47352
2.47419
2.47486
2.47554
2.47621
2.47688
2.47755
2.47822
2.47889
2.47956
2.48023
2.4809
2.48157
2.48224
2.48291
2.48358
2.48425
2.48492
2.4856
2.48627
2.48694
2.48761
2.48828
2.48895
2.48962
2.49029
2.49096
2.49163
2.4923
2.49297
2.49364
2.49431
2.49498
2.49566
2.49633
2.497
2.49767
2.49834
2.49901
2.49968
2.50035
2.50102
2.50169
2.50236
2.50303
2.5037
2.50437
2.50505
2.50572
2.50639
2.50706
2.50773
2.5084
2.50907
2.50974
2.51041
2.51108
2.51175
2.51242
2.51309
2.51376
2.51443
2.51511
2.51578
2.51645
2.51712
2.51779
2.51846
2.51913
2.5198
2.52047
2.52114
2.52181
2.52248
2.52315
2.52382
2.52449
2.52517
2.52584
2.52651
2.52718
2.52785
2.52852
2.52919
2.52986
2.53053
2.5312
2.53187
2.53254
2.53321
2.53388
2.53455
2.53523
2.5359
2.53657
2.53724
2.53791
2.53858
2.53925
2.53992
2.54059
2.54126
2.54193
2.5426
2.54327
2.54394
2.54461
2.54529
2.54596
2.54663
2.5473
2.54797
2.54864
2.54931
2.54998
2.55065
2.55132
2.55199
2.55266
2.55333
2.554
2.55467
2.55535
2.55602
2.55669
2.55736
2.55803
2.5587
2.55937
2.56004
2.56071
2.56138
2.56205
2.56272
2.56339
2.56406
2.56473
2.56541
2.56608
2.56675
2.56742
2.56809
2.56876
2.56943
2.5701
2.57077
2.57144
2.57211
2.57278
2.57345
2.57412
2.57479
2.57547
2.57614
2.57681
2.57748
2.57815
2.57882
2.57949
2.58016
2.58083
2.5815
2.58217
2.58284
2.58351
2.58418
2.58485
2.58553
2.5862
2.58687
2.58754
2.58821
2.58888
2.58955
2.59022
2.59089
2.59156
2.59223
2.5929
2.59357
2.59424
2.59491
2.59559
2.59626
2.59693
2.5976
2.59827
2.59894
2.59961
2.60028
2.60095
2.60162
2.60229
2.60296
2.60363
2.6043
2.60497
2.60565
2.60632
2.60699
2.60766
2.60833
2.609
2.60967
2.61034
2.61101
2.61168
2.61235
2.61302
2.61369
2.61436
2.61504
2.61571
2.61638
2.61705
2.61772
2.61839
2.61906
2.61973
2.6204
2.62107
2.62174
2.62241
2.62308
2.62375
2.62442
2.6251
2.62577
2.62644
2.62711
2.62778
2.62845
2.62912
2.62979
2.63046
2.63113
2.6318
2.63247
2.63314
2.63381
2.63448
2.63516
2.63583
2.6365
2.63717
2.63784
2.63851
2.63918
2.63985
2.64052
2.64119
2.64186
2.64253
2.6432
2.64387
2.64454
2.64522
2.64589
2.64656
2.64723
2.6479
2.64857
2.64924
2.64991
2.65058
2.65125
2.65192
2.65259
2.65326
2.65393
2.6546
2.65528
2.65595
2.65662
2.65729
2.65796
2.65863
2.6593
2.65997
2.66064
2.66131
2.66198
2.66265
2.66332
2.66399
2.66466
2.66534
2.66601
2.66668
2.66735
2.66802
2.66869
2.66936
2.67003
2.6707
2.67137
2.67204
2.67271
2.67338
2.67405
2.67472
2.6754
2.67607
2.67674
2.67741
2.67808
2.67875
2.67942
2.68009
2.68076
2.68143
2.6821
2.68277
2.68344
2.68411
2.68478
2.68546
2.68613
2.6868
2.68747
2.68814
2.68881
2.68948
2.69015
2.69082
2.69149
2.69216
2.69283
2.6935
2.69417
2.69484
2.69552
2.69619
2.69686
2.69753
2.6982
2.69887
2.69954
2.70021
2.70088
2.70155
2.70222
2.70289
2.70356
2.70423
2.7049
2.70558
2.70625
2.70692
2.70759
2.70826
2.70893
2.7096
2.71027
2.71094
2.71161
2.71228
2.71295
2.71362
2.71429
2.71496
2.71564
2.71631
2.71698
2.71765
2.71832
2.71899
2.71966
2.72033
2.721
2.72167
2.72234
2.72301
2.72368
2.72435
2.72503
2.7257
2.72637
2.72704
2.72771
2.72838
2.72905
2.72972
2.73039
2.73106
2.73173
2.7324
2.73307
2.73374
2.73441
2.73509
2.73576
2.73643
2.7371
2.73777
2.73844
2.73911
2.73978
2.74045
2.74112
2.74179
2.74246
2.74313
2.7438
2.74447
2.74515
2.74582
2.74649
2.74716
2.74783
2.7485
2.74917
2.74984
2.75051
2.75118
2.75185
2.75252
2.75319
2.75386
2.75453
2.75521
2.75588
2.75655
2.75722
2.75789
2.75856
2.75923
2.7599
2.76057
2.76124
2.76191
2.76258
2.76325
2.76392
2.76459
2.76527
2.76594
2.76661
2.76728
2.76795
2.76862
2.76929
2.76996
2.77063
2.7713
2.77197
2.77264
2.77331
2.77398
2.77465
2.77533
2.776
2.77667
2.77734
2.77801
2.77868
2.77935
2.78002
2.78069
2.78136
2.78203
2.7827
2.78337
2.78404
2.78471
2.78539
2.78606
2.78673
2.7874
2.78807
2.78874
2.78941
2.79008
2.79075
2.79142
2.79209
2.79276
2.79343
2.7941
2.79477
2.79545
2.79612
2.79679
2.79746
2.79813
2.7988
2.79947
2.80014
2.80081
2.80148
2.80215
2.80282
2.80349
2.80416
2.80483
2.80551
2.80618
2.80685
2.80752
2.80819
2.80886
2.80953
2.8102
2.81087
2.81154
2.81221
2.81288
2.81355
2.81422
2.81489
2.81557
2.81624
2.81691
2.81758
2.81825
2.81892
2.81959
2.82026
2.82093
2.8216
2.82227
2.82294
2.82361
2.82428
2.82495
2.82563
2.8263
2.82697
2.82764
2.82831
2.82898
2.82965
2.83032
2.83099
2.83166
2.83233
2.833
2.83367
2.83434
2.83502
2.83569
2.83636
2.83703
2.8377
2.83837
2.83904
2.83971
2.84038
2.84105
2.84172
2.84239
2.84306
2.84373
2.8444
2.84508
2.84575
2.84642
2.84709
2.84776
2.84843
2.8491
2.84977
2.85044
2.85111
2.85178
2.85245
2.85312
2.85379
2.85446
2.85514
2.85581
2.85648
2.85715
2.85782
2.85849
2.85916
2.85983
2.8605
2.86117
2.86184
2.86251
2.86318
2.86385
2.86452
2.8652
2.86587
2.86654
2.86721
2.86788
2.86855
2.86922
2.86989
2.87056
2.87123
2.8719
2.87257
2.87324
2.87391
2.87458
2.87526
2.87593
2.8766
2.87727
2.87794
2.87861
2.87928
2.87995
2.88062
2.88129
2.88196
2.88263
2.8833
2.88397
2.88464
2.88532
2.88599
2.88666
2.88733
2.888
2.88867
2.88934
2.89001
2.89068
2.89135
2.89202
2.89269
2.89336
2.89403
2.8947
2.89538
2.89605
2.89672
2.89739
2.89806
2.89873
2.8994
2.90007
2.90074
2.90141
2.90208
2.90275
2.90342
2.90409
2.90476
2.90544
2.90611
2.90678
2.90745
2.90812
2.90879
2.90946
2.91013
2.9108
2.91147
2.91214
2.91281
2.91348
2.91415
2.91482
2.9155
2.91617
2.91684
2.91751
2.91818
2.91885
2.91952
2.92019
2.92086
2.92153
2.9222
2.92287
2.92354
2.92421
2.92488
2.92556
2.92623
2.9269
2.92757
2.92824
2.92891
2.92958
2.93025
2.93092
2.93159
2.93226
2.93293
2.9336
2.93427
2.93494
2.93562
2.93629
2.93696
2.93763
2.9383
2.93897
2.93964
2.94031
2.94098
2.94165
2.94232
2.94299
2.94366
2.94433
2.94501
2.94568
2.94635
2.94702
2.94769
2.94836
2.94903
2.9497
2.95037
2.95104
2.95171
2.95238
2.95305
2.95372
2.95439
2.95507
2.95574
2.95641
2.95708
2.95775
2.95842
2.95909
2.95976
2.96043
2.9611
2.96177
2.96244
2.96311
2.96378
2.96445
2.96513
2.9658
2.96647
2.96714
2.96781
2.96848
2.96915
2.96982
2.97049
2.97116
2.97183
2.9725
2.97317
2.97384
2.97451
2.97519
2.97586
2.97653
2.9772
2.97787
2.97854
2.97921
2.97988
2.98055
2.98122
2.98189
2.98256
2.98323
2.9839
2.98457
2.98525
2.98592
2.98659
2.98726
2.98793
2.9886
2.98927
2.98994
2.99061
2.99128
2.99195
2.99262
2.99329
2.99396
2.99463
2.99531
2.99598
2.99665
2.99732
2.99799
2.99866
2.99933
3
