2.33
2.32867
2.32734
2.32601
2.32467
2.32334
2.32201
2.32068
2.31935
2.31802
2.31669
2.31536
2.31402
2.31269
2.31136
2.31003
2.3087
2.30737
2.30604
2.3047
2.30337
2.30204
2.30071
2.29938
2.29805
2.29672
2.29539
2.29405
2.29272
2.29139
2.29006
2.28873
2.2874
2.28607
2.28473
2.2834
2.28207
2.28074
2.27941
2.27808
2.27675
2.27542
2.27408
2.27275
2.27142
2.27009
2.26876
2.26743
2.2661
2.26476
2.26343
2.2621
2.26077
2.25944
2.25811
2.25678
2.25545
2.25411
2.25278
2.25145
2.25012
2.24879
2.24746
2.24613
2.24479
2.24346
2.24213
2.2408
2.23947
2.23814
2.23681
2.23548
2.23414
2.23281
2.23148
2.23015
2.22882
2.22749
2.22616
2.22482
2.22349
2.22216
2.22083
2.2195
2.21817
2.21684
2.21551
2.21417
2.21284
2.21151
2.21018
2.20885
2.20752
2.20619
2.20485
2.20352
2.20219
2.20086
2.19953
2.1982
2.19687
2.19554
2.1942
2.19287
2.19154
2.19021
2.18888
2.18755
2.18622
2.18488
2.18355
2.18222
2.18089
2.17956
2.17823
2.1769
2.17557
2.17423
2.1729
2.17157
2.17024
2.16891
2.16758
2.16625
2.16491
2.16358
2.16225
2.16092
2.15959
2.15826
2.15693
2.1556
2.15426
2.15293
2.1516
2.15027
2.14894
2.14761
2.14628
2.14494
2.14361
2.14228
2.14095
2.13962
2.13829
2.13696
2.13563
2.13429
2.13296
2.13163
2.1303
2.12897
2.12764
2.12631
2.12497
2.12364
2.12231
2.12098
2.11965
2.11832
2.11699
2.11566
2.11432
2.11299
2.11166
2.11033
2.109
2.10767
2.10634
2.10501
2.10367
2.10234
2.10101
2.09968
2.09835
2.09702
2.09569
2.09435
2.09302
2.09169
2.09036
2.08903
2.0877
2.08637
2.08504
2.0837
2.08237
2.08104
2.07971
2.07838
2.07705
2.07572
2.07438
2.07305
2.07172
2.07039
2.06906
2.06773
2.0664
2.06507
2.06373
2.0624
2.06107
2.05974
2.05841
2.05708
2.05575
2.05441
2.05308
2.05175
2.05042
2.04909
2.04776
2.04643
2.0451
2.04376
2.04243
2.0411
2.03977
2.03844
2.03711
2.03578
2.03444
2.03311
2.03178
2.03045
2.02912
2.02779
2.02646
2.02513
2.02379
2.02246
2.02113
2.0198
2.01847
2.01714
2.01581
2.01447
2.01314
2.01181
2.01048
2.00915
2.00782
2.00649
2.00516
2.00382
2.00249
2.00116
1.99983
1.9985
1.99717
1.99584
1.9945
1.99317
1.99184
1.99051
1.98918
1.98785
1.98652
1.98519
1.98385
1.98252
1.98119
1.97986
1.97853
1.9772
1.97587
1.97453
1.9732
1.97187
1.97054
1.96921
1.96788
1.96655
1.96522
1.96388
1.96255
1.96122
1.95989
1.95856
1.95723
1.9559
1.95456
1.95323
1.9519
1.95057
1.94924
1.94791
1.94658
1.94525
1.94391
1.94258
1.94125
1.93992
1.93859
1.93726
1.93593
1.93459
1.93326
1.93193
1.9306
1.92927
1.92794
1.92661
1.92528
1.92394
1.92261
1.92128
1.91995
1.91862
1.91729
1.91596
1.91462
1.91329
1.91196
1.91063
1.9093
1.90797
1.90664
1.90531
1.90397
1.90264
1.90131
1.89998
1.89865
1.89732
1.89599
1.89465
1.89332
1.89199
1.89066
1.88933
1.888
1.88667
1.88534
1.884
1.88267
1.88134
1.88001
1.87868
1.87735
1.87602
1.87468
1.87335
1.87202
1.87069
1.86936
1.86803
1.8667
1.86537
1.86403
1.8627
1.86137
1.86004
1.85871
1.85738
1.85605
1.85471
1.85338
1.85205
1.85072
1.84939
1.84806
1.84673
1.8454
1.84406
1.84273
1.8414
1.84007
1.83874
1.83741
1.83608
1.83474
1.83341
1.83208
1.83075
1.82942
1.82809
1.82676
1.82543
1.82409
1.82276
1.82143
1.8201
1.81877
1.81744
1.81611
1.81477
1.81344
1.81211
1.81078
1.80945
1.80812
1.80679
1.80546
1.80412
1.80279
1.80146
1.80013
1.7988
1.79747
1.79614
1.7948
1.79347
1.79214
1.79081
1.78948
1.78815
1.78682
1.78549
1.78415
1.78282
1.78149
1.78016
1.77883
1.7775
1.77617
1.77483
1.7735
1.77217
1.77084
1.76951
1.76818
1.76685
1.76552
1.76418
1.76285
1.76152
1.76019
1.75886
1.75753
1.7562
1.75486
1.75353
1.7522
1.75087
1.74954
1.74821
1.74688
1.74555
1.74421
1.74288
1.74155
1.74022
1.73889
1.73756
1.73623
1.73489
1.73356
1.73223
1.7309
1.72957
1.72824
1.72691
1.72558
1.72424
1.72291
1.72158
1.72025
1.71892
1.71759
1.71626
1.71492
1.71359
1.71226
1.71093
1.7096
1.70827
1.70694
1.70561
1.70427
1.70294
1.70161
1.70028
1.69895
1.69762
1.69629
1.69495
1.69362
1.69229
1.69096
1.68963
1.6883
1.68697
1.68564
1.6843
1.68297
1.68164
1.68031
1.67898
1.67765
1.67632
1.67498
1.67365
1.67232
1.67099
1.66966
1.66833
1.667
1.66567
1.66433
1.663
1.66167
1.66034
1.65901
1.65768
1.65635
1.65502
1.65368
1.65235
1.65102
1.64969
1.64836
1.64703
1.6457
1.64436
1.64303
1.6417
1.64037
1.63904
1.63771
1.63638
1.63505
1.63371
1.63238
1.63105
1.62972
1.62839
1.62706
1.62573
1.62439
1.62306
1.62173
1.6204
1.61907
1.61774
1.61641
1.61508
1.61374
1.61241
1.61108
1.60975
1.60842
1.60709
1.60576
1.60442
1.60309
1.60176
1.60043
1.5991
1.59777
1.59644
1.59511
1.59377
1.59244
1.59111
1.58978
1.58845
1.58712
1.58579
1.58445
1.58312
1.58179
1.58046
1.57913
1.5778
1.57647
1.57514
1.5738
1.57247
1.57114
1.56981
1.56848
1.56715
1.56582
1.56448
1.56315
1.56182
1.56049
1.55916
1.55783
1.5565
1.55517
1.55383
1.5525
1.55117
1.54984
1.54851
1.54718
1.54585
1.54451
1.54318
1.54185
1.54052
1.53919
1.53786
1.53653
1.5352
1.53386
1.53253
1.5312
1.52987
1.52854
1.52721
1.52588
1.52454
1.52321
1.52188
1.52055
1.51922
1.51789
1.51656
1.51523
1.51389
1.51256
1.51123
1.5099
1.50857
1.50724
1.50591
1.50457
1.50324
1.50191
1.50058
1.49925
1.49792
1.49659
1.49526
1.49392
1.49259
1.49126
1.48993
1.4886
1.48727
1.48594
1.4846
1.48327
1.48194
1.48061
1.47928
1.47795
1.47662
1.47529
1.47395
1.47262
1.47129
1.46996
1.46863
1.4673
1.46597
1.46463
1.4633
1.46197
1.46064
1.45931
1.45798
1.45665
1.45532
1.45398
1.45265
1.45132
1.44999
1.44866
1.44733
1.446
1.44466
1.44333
1.442
1.44067
1.43934
1.43801
1.43668
1.43535
1.43401
1.43268
1.43135
1.43002
1.42869
1.42736
1.42603
1.42469
1.42336
1.42203
1.4207
1.41937
1.41804
1.41671
1.41538
1.41404
1.41271
1.41138
1.41005
1.40872
1.40739
1.40606
1.40472
1.40339
1.40206
1.40073
1.3994
1.39807
1.39674
1.39541
1.39407
1.39274
1.39141
1.39008
1.38875
1.38742
1.38609
1.38475
1.38342
1.38209
1.38076
1.37943
1.3781
1.37677
1.37544
1.3741
1.37277
1.37144
1.37011
1.36878
1.36745
1.36612
1.36478
1.36345
1.36212
1.36079
1.35946
1.35813
1.3568
1.35547
1.35413
1.3528
1.35147
1.35014
1.34881
1.34748
1.34615
1.34481
1.34348
1.34215
1.34082
1.33949
1.33816
1.33683
1.3355
1.33416
1.33283
1.3315
1.33017
1.32884
1.32751
1.32618
1.32484
1.32351
1.32218
1.32085
1.31952
1.31819
1.31686
1.31553
1.31419
1.31286
1.31153
1.3102
1.30887
1.30754
1.30621
1.30487
1.30354
1.30221
1.30088
1.29955
1.29822
1.29689
1.29556
1.29422
1.29289
1.29156
1.29023
1.2889
1.28757
1.28624
1.2849
1.28357
1.28224
1.28091
1.27958
1.27825
1.27692
1.27559
1.27425
1.27292
1.27159
1.27026
1.26893
1.2676
1.26627
1.26493
1.2636
1.26227
1.26094
1.25961
1.25828
1.25695
1.25562
1.25428
1.25295
1.25162
1.25029
1.24896
1.24763
1.2463
1.24496
1.24363
1.2423
1.24097
1.23964
1.23831
1.23698
1.23565
1.23431
1.23298
1.23165
1.23032
1.22899
1.22766
1.22633
1.22499
1.22366
1.22233
1.221
1.21967
1.21834
1.21701
1.21568
1.21434
1.21301
1.21168
1.21035
1.20902
1.20769
1.20636
1.20503
1.20369
1.20236
1.20103
1.1997
1.19837
1.19704
1.19571
1.19437
1.19304
1.19171
1.19038
1.18905
1.18772
1.18639
1.18506
1.18372
1.18239
1.18106
1.17973
1.1784
1.17707
1.17574
1.1744
1.17307
1.17174
1.17041
1.16908
1.16775
1.16642
1.16509
1.16375
1.16242
1.16109
1.15976
1.15843
1.1571
1.15577
1.15443
1.1531
1.15177
1.15044
1.14911
1.14778
1.14645
1.14512
1.14378
1.14245
1.14112
1.13979
1.13846
1.13713
1.1358
1.13446
1.13313
1.1318
1.13047
1.12914
1.12781
1.12648
1.12515
1.12381
1.12248
1.12115
1.11982
1.11849
1.11716
1.11583
1.11449
1.11316
1.11183
1.1105
1.10917
1.10784
1.10651
1.10518
1.10384
1.10251
1.10118
1.09985
1.09852
1.09719
1.09586
1.09452
1.09319
1.09186
1.09053
1.0892
1.08787
1.08654
1.08521
1.08387
1.08254
1.08121
1.07988
1.07855
1.07722
1.07589
1.07455
1.07322
1.07189
1.07056
1.06923
1.0679
1.06657
1.06524
1.0639
1.06257
1.06124
1.05991
1.05858
1.05725
1.05592
1.05458
1.05325
1.05192
1.05059
1.04926
1.04793
1.0466
1.04527
1.04393
1.0426
1.04127
1.03994
1.03861
1.03728
1.03595
1.03461
1.03328
1.03195
1.03062
1.02929
1.02796
1.02663
1.0253
1.02396
1.02263
1.0213
1.01997
1.01864
1.01731
1.01598
1.01464
1.01331
1.01198
1.01065
1.00932
1.00799
1.00666
1.00533
1.00399
1.00266
1.00133
1
